0,1.7016,-2.3038,0.28798,0.47997,-0.68937
0.01,1.6982,-2.2983,0.28798,0.47997,-0.70194
0.02,1.6947,-2.2927,0.28798,0.47997,-0.71449
0.03,1.691,-2.2869,0.28798,0.47997,-0.72702
0.04,1.6873,-2.2812,0.28798,0.47997,-0.73954
0.05,1.6834,-2.2753,0.28798,0.47997,-0.75205
0.06,1.6795,-2.2693,0.28798,0.47997,-0.76454
0.07,1.6754,-2.2633,0.28798,0.47997,-0.77702
0.08,1.6713,-2.2571,0.28798,0.47997,-0.78948
0.09,1.6671,-2.2509,0.28798,0.47997,-0.80193
0.1,1.6627,-2.2446,0.28798,0.47997,-0.81437
0.11,1.6583,-2.2382,0.28798,0.47997,-0.82679
0.12,1.6538,-2.2318,0.28798,0.47997,-0.8392
0.13,1.6492,-2.2252,0.28798,0.47997,-0.8516
0.14,1.6444,-2.2186,0.28798,0.47997,-0.86399
0.15,1.6396,-2.2119,0.28798,0.47997,-0.87636
0.16,1.6347,-2.2051,0.28798,0.47997,-0.88872
0.17,1.6298,-2.1983,0.28798,0.47997,-0.90107
0.18,1.6247,-2.1913,0.28798,0.47997,-0.9134
0.19,1.6195,-2.1843,0.28798,0.47997,-0.92572
0.2,1.6143,-2.1772,0.28798,0.47997,-0.93804
0.21,1.609,-2.1701,0.28798,0.47997,-0.95034
0.22,1.6035,-2.1628,0.28798,0.47997,-0.96263
0.23,1.598,-2.1555,0.28798,0.47997,-0.9749
0.24,1.5924,-2.1482,0.28798,0.47997,-0.98717
0.25,1.5868,-2.1407,0.28798,0.47997,-0.99943
0.26,1.581,-2.1332,0.28798,0.47997,-1.0117
0.27,1.5752,-2.1256,0.28798,0.47997,-1.0239
0.28,1.5693,-2.1179,0.28798,0.47997,-1.0361
0.29,1.5633,-2.1102,0.28798,0.47997,-1.0484
0.3,1.5572,-2.1024,0.28798,0.47997,-1.0606
0.31,1.5511,-2.0945,0.28798,0.47997,-1.0728
0.32,1.5449,-2.0866,0.28798,0.47997,-1.0849
0.33,1.5386,-2.0786,0.28798,0.47997,-1.0971
0.34,1.5322,-2.0705,0.28798,0.47997,-1.1093
0.35,1.5257,-2.0623,0.28798,0.47997,-1.1215
0.36,1.5192,-2.0541,0.28798,0.47997,-1.1336
0.37,1.5126,-2.0459,0.28798,0.47997,-1.1458
0.38,1.5059,-2.0375,0.28798,0.47997,-1.1579
0.39,1.4992,-2.0291,0.28798,0.47997,-1.17
0.4,1.4924,-2.0207,0.28798,0.47997,-1.1821
0.41,1.4855,-2.0121,0.28798,0.47997,-1.1943
0.42,1.4785,-2.0035,0.28798,0.47997,-1.2064
0.43,1.4715,-1.9949,0.28798,0.47997,-1.2185
0.44,1.4644,-1.9861,0.28798,0.47997,-1.2306
0.45,1.4572,-1.9774,0.28798,0.47997,-1.2427
0.46,1.45,-1.9685,0.28798,0.47997,-1.2547
0.47,1.4427,-1.9596,0.28798,0.47997,-1.2668
0.48,1.4353,-1.9506,0.28798,0.47997,-1.2789
0.49,1.4279,-1.9416,0.28798,0.47997,-1.291
0.5,1.4204,-1.9325,0.28798,0.47997,-1.303
0.51,1.4128,-1.9233,0.28798,0.47997,-1.3151
0.52,1.4052,-1.9141,0.28798,0.47997,-1.3271
0.53,1.3975,-1.9048,0.28798,0.47997,-1.3392
0.54,1.3897,-1.8955,0.28798,0.47997,-1.3512
0.55,1.3818,-1.8861,0.28798,0.47997,-1.3633
0.56,1.3739,-1.8766,0.28798,0.47997,-1.3753
0.57,1.366,-1.8671,0.28798,0.47997,-1.3874
0.58,1.3579,-1.8575,0.28798,0.47997,-1.3994
0.59,1.3498,-1.8478,0.28798,0.47997,-1.4114
0.6,1.3417,-1.8381,0.28798,0.47997,-1.4235
0.61,1.3334,-1.8283,0.28798,0.47997,-1.4355
0.62,1.3252,-1.8185,0.28798,0.47997,-1.4475
0.63,1.3168,-1.8085,0.28798,0.47997,-1.4595
0.64,1.3084,-1.7986,0.28798,0.47997,-1.4716
0.65,1.2999,-1.7885,0.28798,0.47997,-1.4836
0.66,1.2913,-1.7784,0.28798,0.47997,-1.4956
0.67,1.2827,-1.7683,0.28798,0.47997,-1.5076
0.68,1.274,-1.758,0.28798,0.47997,-1.5196
0.69,1.2653,-1.7478,0.28798,0.47997,-1.5317
0.7,1.2565,-1.7374,0.28798,0.47997,-1.5437
0.71,1.2476,-1.727,0.28798,0.47997,-1.5557
0.72,1.2387,-1.7165,0.28798,0.47997,-1.5677
0.73,1.2297,-1.7059,0.28798,0.47997,-1.5798
0.74,1.2206,-1.6953,0.28798,0.47997,-1.5918
0.75,1.2115,-1.6846,0.28798,0.47997,-1.6038
0.76,1.2023,-1.6738,0.28798,0.47997,-1.6159
0.77,1.193,-1.663,0.28798,0.47997,-1.6279
0.78,1.1837,-1.6521,0.28798,0.47997,-1.6399
0.79,1.1743,-1.6411,0.28798,0.47997,-1.652
0.8,1.1648,-1.6301,0.28798,0.47997,-1.664
0.81,1.1552,-1.6189,0.28798,0.47997,-1.6761
0.82,1.1456,-1.6077,0.28798,0.47997,-1.6881
0.83,1.1359,-1.5964,0.28798,0.47997,-1.7002
0.84,1.1262,-1.5851,0.28798,0.47997,-1.7123
0.85,1.1164,-1.5736,0.28798,0.47997,-1.7244
0.86,1.1064,-1.5621,0.28798,0.47997,-1.7365
0.87,1.0965,-1.5505,0.28798,0.47997,-1.7486
0.88,1.0864,-1.5388,0.28798,0.47997,-1.7607
0.89,1.0763,-1.5271,0.28798,0.47997,-1.7728
0.9,1.0661,-1.5152,0.28798,0.47997,-1.7849
0.91,1.0558,-1.5032,0.28798,0.47997,-1.797
0.92,1.0454,-1.4912,0.28798,0.47997,-1.8092
0.93,1.0349,-1.4791,0.28798,0.47997,-1.8213
0.94,1.0244,-1.4668,0.28798,0.47997,-1.8335
0.95,1.0138,-1.4545,0.28798,0.47997,-1.8457
0.96,1.003,-1.442,0.28798,0.47997,-1.8579
0.97,0.99222,-1.4295,0.28798,0.47997,-1.8701
0.98,0.98131,-1.4168,0.28798,0.47997,-1.8823
0.99,0.97031,-1.404,0.28798,0.47997,-1.8945
1,0.95921,-1.3912,0.28798,0.47997,-1.9068
